0 	0.09574
   1 	0.04116
   2 	0.02383
   3 	0.02496
   4 	0.02011
   5 	0.01718
   6 	0.01655
   7 	0.01720
   8 	0.01402
   9 	0.01613
  10 	0.01450
  11 	0.01111
  12 	0.00987
  13 	0.01018
  14 	0.00940
  15 	0.00887
  16 	0.00882
  17 	0.00833
  18 	0.00868
  19 	0.00914
  20 	0.00883
  21 	0.00915
  22 	0.00876
  23 	0.00825
  24 	0.00909
  25 	0.00823
  26 	0.00900
  27 	0.00815
  28 	0.00831
  29 	0.00858
  30 	0.00801
  31 	0.00846
  32 	0.00773
  33 	0.00790
  34 	0.00874
  35 	0.00777
  36 	0.00790
  37 	0.00712
  38 	0.00812
  39 	0.00724
  40 	0.00778
  41 	0.00823
  42 	0.00734
  43 	0.00759
  44 	0.00755
  45 	0.00685
  46 	0.00682
  47 	0.00739
  48 	0.00742
  49 	0.00702
  50 	0.00744
  51 	0.00688
  52 	0.00694
  53 	0.00638
  54 	0.00696
  55 	0.00656
  56 	0.00672
  57 	0.00719
  58 	0.00716
  59 	0.00631
  60 	0.00736
  61 	0.00679
  62 	0.00706
  63 	0.00652
  64 	0.00679
  65 	0.00604
  66 	0.00566
  67 	0.00660
  68 	0.00666
  69 	0.00621
  70 	0.00596
  71 	0.00562
  72 	0.00567
  73 	0.00586
  74 	0.00577
  75 	0.00528
  76 	0.00582
  77 	0.00594
  78 	0.00532
  79 	0.00572
  80 	0.00554
  81 	0.00552
  82 	0.00578
  83 	0.00547
  84 	0.00520
  85 	0.00520
  86 	0.00579
  87 	0.00517
  88 	0.00523
  89 	0.00522
  90 	0.00500
  91 	0.00519
  92 	0.00461
  93 	0.00522
  94 	0.00540
  95 	0.00526
  96 	0.00509
  97 	0.00507
  98 	0.00578
  99 	0.00484
 100 	0.00480
 101 	0.00485
 102 	0.00444
 103 	0.00488
 104 	0.00517
 105 	0.00462
 106 	0.00459
 107 	0.00485
 108 	0.00481
 109 	0.00525
 110 	0.00519
 111 	0.00518
 112 	0.00472
 113 	0.00497
 114 	0.00488
 115 	0.00501
 116 	0.00488
 117 	0.00468
 118 	0.00467
 119 	0.00433
 120 	0.00430
 121 	0.00454
 122 	0.00485
 123 	0.00447
 124 	0.00433
 125 	0.00489
 126 	0.00435
 127 	0.00453
 128 	0.00460
 129 	0.00480
 130 	0.00456
 131 	0.00443
 132 	0.00464
 133 	0.00435
 134 	0.00468
 135 	0.00420
 136 	0.00406
 137 	0.00405
 138 	0.00445
 139 	0.00437
 140 	0.00427
 141 	0.00451
 142 	0.00396
 143 	0.00392
 144 	0.00410
 145 	0.00418
 146 	0.00464
 147 	0.00452
 148 	0.00445
 149 	0.00462
 150 	0.00431
 151 	0.00381
 152 	0.00420
 153 	0.00417
 154 	0.00432
 155 	0.00405
 156 	0.00426
 157 	0.00417
 158 	0.00458
 159 	0.00404
 160 	0.00426
 161 	0.00422
 162 	0.00395
 163 	0.00400
 164 	0.00417
 165 	0.00452
 166 	0.00428
 167 	0.00391
 168 	0.00443
 169 	0.00389
 170 	0.00413
 171 	0.00386
 172 	0.00421
 173 	0.00417
 174 	0.00405
 175 	0.00403
 176 	0.00411
 177 	0.00414
 178 	0.00403
 179 	0.00401
 180 	0.00402
 181 	0.00390
 182 	0.00406
 183 	0.00429
 184 	0.00428
 185 	0.00372
 186 	0.00398
 187 	0.00360
 188 	0.00418
 189 	0.00421
 190 	0.00412
 191 	0.00384
 192 	0.00379
 193 	0.00391
 194 	0.00349
 195 	0.00378
 196 	0.00394
 197 	0.00396
 198 	0.00415
 199 	0.00395
 200 	0.00403
 201 	0.00376
 202 	0.00417
 203 	0.00420
 204 	0.00375
 205 	0.00380
 206 	0.00376
 207 	0.00362
 208 	0.00368
 209 	0.00408
 210 	0.00359
 211 	0.00358
 212 	0.00419
 213 	0.00399
 214 	0.00355
 215 	0.00346
 216 	0.00332
 217 	0.00353
 218 	0.00333
 219 	0.00350
 220 	0.00339
 221 	0.00361
 222 	0.00361
 223 	0.00373
 224 	0.00350
 225 	0.00340
 226 	0.00342
 227 	0.00351
 228 	0.00353
 229 	0.00343
 230 	0.00361
 231 	0.00373
 232 	0.00356
 233 	0.00358
 234 	0.00352
 235 	0.00402
 236 	0.00381
 237 	0.00378
 238 	0.00353
 239 	0.00329
 240 	0.00363
 241 	0.00362
 242 	0.00379
 243 	0.00373
 244 	0.00353
 245 	0.00330
 246 	0.00332
 247 	0.00363
 248 	0.00337
 249 	0.00367
 250 	0.00353
 251 	0.00341
 252 	0.00328
 253 	0.00350
 254 	0.00332
 255 	0.00320
 256 	0.00338
 257 	0.00344
 258 	0.00337
 259 	0.00352
 260 	0.00442
 261 	0.00385
 262 	0.00379
 263 	0.00365
 264 	0.00334
 265 	0.00338
 266 	0.00347
 267 	0.00324
 268 	0.00322
 269 	0.00315
 270 	0.00326
 271 	0.00354
 272 	0.00345
 273 	0.00320
 274 	0.00371
 275 	0.00338
 276 	0.00314
 277 	0.00330
 278 	0.00334
 279 	0.00320
 280 	0.00327
 281 	0.00338
 282 	0.00333
 283 	0.00363
 284 	0.00339
 285 	0.00337
 286 	0.00316
 287 	0.00313
 288 	0.00317
 289 	0.00310
 290 	0.00327
 291 	0.00323
 292 	0.00365
 293 	0.00358
 294 	0.00328
 295 	0.00324
 296 	0.00338
 297 	0.00330
 298 	0.00343
 299 	0.00333
 300 	0.00322
 301 	0.00326
 302 	0.00291
 303 	0.00314
 304 	0.00337
 305 	0.00317
 306 	0.00292
 307 	0.00304
 308 	0.00316
 309 	0.00303
 310 	0.00324
 311 	0.00291
 312 	0.00307
 313 	0.00283
 314 	0.00314
 315 	0.00305
 316 	0.00316
 317 	0.00326
 318 	0.00334
 319 	0.00344
 320 	0.00327
 321 	0.00302
 322 	0.00314
 323 	0.00308
 324 	0.00323
 325 	0.00316
 326 	0.00305
 327 	0.00314
 328 	0.00331
 329 	0.00294
 330 	0.00303
 331 	0.00327
 332 	0.00510
 333 	0.00336
 334 	0.00337
 335 	0.00300
 336 	0.00299
 337 	0.00298
 338 	0.00288
 339 	0.00310
 340 	0.00340
 341 	0.00315
 342 	0.00281
 343 	0.00292
 344 	0.00298
 345 	0.00308
 346 	0.00287
 347 	0.00314
 348 	0.00321
 349 	0.00286
 350 	0.00292
 351 	0.00299
 352 	0.00277
 353 	0.00270
 354 	0.00308
 355 	0.00323
 356 	0.00379
 357 	0.00329
 358 	0.00313
 359 	0.00286
 360 	0.00318
 361 	0.00302
 362 	0.00298
 363 	0.00323
 364 	0.00271
 365 	0.00297
 366 	0.00309
 367 	0.00300
 368 	0.00309
 369 	0.00276
 370 	0.00287
 371 	0.00311
 372 	0.00277
 373 	0.00277
 374 	0.00269
 375 	0.00296
 376 	0.00298
 377 	0.00306
 378 	0.00296
 379 	0.00289
 380 	0.00284
 381 	0.00307
 382 	0.00293
 383 	0.00295
 384 	0.00292
 385 	0.00295
 386 	0.00297
 387 	0.00303
 388 	0.00286
 389 	0.00313
 390 	0.00313
 391 	0.00290
 392 	0.00276
 393 	0.00296
 394 	0.00267
 395 	0.00278
 396 	0.00299
 397 	0.00267
 398 	0.00292
 399 	0.00265
 400 	0.00287